
Path Found!
Algorithm used: Dijkstra
1) Start: (14, 45)
2) Target: (29, 35)
3) Path: [(14, 44), (14, 43), (14, 42), (14, 41), (15, 41), (16, 41), (16, 40), (16, 39), (16, 38), (16, 37), (17, 37), (18, 37), (19, 37), (20, 37), (20, 36), (20, 35), (21, 35), (22, 35), (23, 35), (24, 35), (25, 35), (26, 35), (27, 35), (28, 35), (29, 35)]
RESET pressed

Path Found!
Algorithm used: Dijkstra
1) Start: (21, 45)
2) Target: (25, 36)
3) Path: [(21, 44), (21, 43), (21, 42), (21, 41), (21, 40), (21, 39), (21, 38), (21, 37), (22, 37), (23, 37), (24, 37), (25, 37), (25, 36)]
RESET pressed
